1.27833 0.575629 1
0.176887 4.49876 -1
1.44194 4.71873 -1
0.771618 1.55088 1
3.54744 2.50592 1
3.74611 3.8724 -1
3.18365 3.07192 -1
3.25059 1.55226 1
1.93455 0.118414 1
1.76536 3.14531 1
3.56535 3.27582 1
2.68531 2.59834 1
1.0845 2.18413 -1
0.092663 2.74009 -1
2.71918 4.69469 -1
1.64454 4.02015 1
1.54558 1.20061 1
2.90159 2.54085 1
3.61947 0.365178 -1
3.1571 1.47439 -1
3.6762 2.87996 -1
2.48234 1.38492 -1
3.75174 3.40989 1
2.08448 3.30686 -1
1.30743 2.22044 1
1.39993 2.75654 1
1.74267 0.544545 1
3.64319 0.37719 -1
1.41601 4.50636 -1
0.721798 3.80038 -1
0.647996 3.46458 -1
3.40641 2.1234 1
2.23173 4.57712 -1
2.32894 4.89242 1
2.75946 0.112823 1
1.38079 3.42891 1
2.8386 1.66568 -1
1.09579 3.20661 -1
1.88245 4.64886 1
2.8906 1.74618 -1
2.52129 0.878191 1
2.31523 0.393416 -1
